(41.7884345, -87.74065739999999)
(41.7769581, -87.70296710000001)
(41.7777347, -87.7031027)
(41.7792699, -87.70216599999999)
(41.8408479, -87.67539719999999)
(41.9525079, -87.6505674)
(41.94731669999999, -87.6739935)
(41.9654304, -87.6561923)
(42.0069143, -87.6661975)
(41.8737524, -87.6692025)
(41.8571673, -87.68537099999999)
(41.8539559, -87.6388946)
(41.8427138, -87.7037721)
(41.88542899999999, -87.6253739)
(41.890281, -87.65839199999999)
(41.9010449, -87.6674953)
(41.89159060000001, -87.64763850000001)
(41.89208199999999, -87.64604299999999)
(41.91440799999999, -87.6872288)
(41.9106986, -87.6798666)
(41.910106, -87.680784)
(41.9094882, -87.677348)
(41.908943, -87.6774114)
(41.9292285, -87.7074962)
(41.9278213, -87.70538529999999)
(41.9413046, -87.64445529999999)
(41.8438114, -87.6867626)
(41.8551128, -87.65414229999999)
(41.7878458, -87.5926846)
(41.8380072, -87.6513342)
(41.8959097, -87.6770464)